ID;OrderNo
1000;1000
1001;1001
1002;1002
1003;1003